header:
  seq: 0
  stamp:
    secs: 0
    nsecs:         0
  frame_id: rear_6mm
height: 1080
width: 1920
distortion_model: plumb_bob
D: [-0.5765946976072487, 0.4291376927911749, 4.346808241549606e-03, -3.412332838976525e-03, 0.0]
K: [2020.019804202608, 0.0, 651.9876674875434, 0.0, 2017.818618427381, 360.0730400538924, 0.0, 0.0, 1.0]
R: [1.0, 0.0, 0.0, 0.0, 1.0, 0.0, 0.0, 0.0, 1.0]
P: [1899.066040039062, 0.0, 650.9015704749872, 0.0, 0.0, 1980.3359375, 359.1726241204888, 0.0, 0.0, 0.0, 1.0, 0.0]
binning_x: 0
binning_y: 0
roi:
  x_offset: 0
  y_offset: 0
  height: 0
  width: 0
  do_rectify: False
